TABULAPRIMAE
11.1 wo 1 wo 1 md 1 we 1 we 1

Qu· 434

11 316

019158
10 179
11 171

11170 R, ¹43

1 141
κ3 147

4 141
5 168

6 282

· 434
3

9 434

10 449

,11 444

111408

1331
3100

41
εν

111 332
1 308

3 807
4 423

SubB1

ἒ
1
80
Δ 9
13

14
9 131

¹ 8111101 1

11
310

,43

ἑ 292

SubD1 471
1 130
3 ¹⁸4
4 62
3 183
6154
⁷m
8 19
9 393
10 396

1-13 361 14111011 110 11111111 117

2-14 352
s-³m
139
adm&
13343
ψῑψ
9- 2 342
w³m
9-4 348
wsm
ψόψ
ψγψ
wflm
W9m
10- 2 374
¹b4w

¹¹-5 311,

¹w6m

¹¹-7 358
11- 8 369

¹¹· 9 343
12- 2 368
11“··4 379
14-11 385
¹5-¹ 371
15- 1 378
¹7-¹ 377
¹9-¹ 334
19-1 383
4494
¹9-12. 3⁶3
mflmw

¹9·¹4 361
113··1 349
13-1 376

11466 Μ111.Α113

11 66
1- 1 387
1“· 3 344
1-11 380

μόω
1- 7 360

Β 105
C 101
D 104
Ε 109
'F 340
G 111

I 169
K 103
L 481
Μ 101

Nm
0 108

Ρ 106

(11ἑὲ3

8 107
Τ 170
Vm
81

1168 ’

2111

111101 114
1 119

31111

4111

44ξί
7 118
8117
9 111
10 418
11413
11 114
-13 418
14116
15 115
ι16185

17 171

18 165

19 118
10 110
11 191
11 113
13 98
14 491
&ff
26 480
33 34

1 105
3 113
4194 ,
5 108
6 107
7 193
8 115

9116 ’

{⁶5:32

11111
13110
14111
15118
16113

Ι17114

18 114
19 137
10 118
11 131
11 130 ,
13 119
14 111
1134
17 116
18 149
19 148
39 ···
31 140
31 119
33 131
34 144
35 131
36 110
37 141
ssm
39 111
49 143
41 138
41 141
43 133
44 147

 

