TAuuLAPR1MA

ἡ Qa inveniri potest codex quicunque in ipsa bibliotheca vel in catulogu
precedenti ex numero 'ipfius in veteri catalogo.

V. C. N. V. C. N. V. C. N. V· C. N. V. C. N. V. C. N.

Ax 81 Ῑ)3196 67189 Ῑ·13 437 Mt 73 Ν13 339
1161 6181 8417 1 73 14338
3187 7181 9431 ,Κι 179 3 90 25 410
4173 8311 19433 1163 4 86
1116 9114 11111 1184 1 88
6139 19 18 11446 4194 6 14
7391 11318 13479 3319 7 87
8164 14467 16317 8 89
9191 881 81 11461 1116 9 11
19191 1 49 16471 8334 19 31

, 11191 1 48 11469 9191 11 11
, 11197 411 Ι Ι 19391 11 38
1119 881 41 11111 11 11
Bt 19 6167 1 41 11316 14197

1 96 1161 1 119 11 111 11411

1 91 8194 11111

4 11 9191 11116 N» 61

3 61 19189 16 19 1139 ¹

6 43 11138 17441 3 68

1 61 11 11 18 419 4161

8 60 3 199

9 77 F} 13 · L1 13 6 67
. 1 11 1194 1198

01 76 3 39 8 319

1 18 4111 9111

379 5¹39 · , 80488

4191 611 · 11418

1 16 1114 4 ,11411

· 6 93 8181 , 13461
ἐξ ssffl ssffi

9 26 16161

19 36 61399 17133

1389 18169
181 19 1116 19449

1148 4493 19183

1146· 1411 11111

4131 6497 11394

 

